343
345
345
345
341
345
343
344
344
343
343
344
343
345
345
340
343
340
342
311
304
303
304
307
305
304
303
305
303
305
304
303
260
257
256
256
261
280
298
298
288
255
173
131
131
136
135
135
136
134
133
136
137
135
137
136
137
138
136
138
136
138
136
137
138
139
136
137
137
138
138
139
137
137
138
137
137
138
137
138
138
136
137
138
138
138
139
139
136
139
138
136
404
140
140
140
141
139
141
140
141
140
140
139
138
140
142
141
139
141
141
140
138
140
140
141
140
141
140
140
141
140
139
140
142
141
140
139
141
141
142
140
139
139
139
139
148
141
140
141
141
141
140
139
142
158
140
139
140
139
139
138
141
139
142
142
142
141
140
141
140
140
142
139
139
140
141
140
139
140
140
138
140
140
142
140
141
139
139
140
140
140
139
138
139
140
139
139
139
142
140
139
139
139
139
139
136
138
141
139
