345
345
347
344
344
345
348
345
346
345
345
341
344
328
327
337
347
345
332
339
342
345
339
341
342
339
330
344
343
343
340
342
340
342
342
600
343
347
345
345
343
345
347
345
345
342
344
346
347
345
345
346
346
347
345
343
347
345
347
344
340
344
346
348
345
343
344
346
345
335
329
327
342
345
342
332
337
335
346
339
342
343
343
350
344
346
346
340
342
335
341
335
340
358
346
348
345
340
345
344
346
341
339
335
341
336
341
337
330
346
346
344
345
342
348
344
345
346
342
348
345
347
345
344
348
346
347
344
313
309
309
311
309
309
308
308
311
309
310
309
312
310
311
309
310
310
312
311
310
311
310
311
311
309
309
310
312
310
312
310
310
311
310
309
311
310
310
309
310
311
310
310
310
308
309
308
311
309
308
310
311
309
308
310
310
310
310
310
311
312
311
309
310
310
310
309
309
308
310
308
309
310
310
312
309
310
309
309
311
311
310
309
310
309
311
309
311
311
311
309
310
308
308
309
310
311
310
310
309
312
311
311
310
310
309
310
309
310
310
310
310
311
311
310
311
311
311
310
310
309
310
310
309
310
310
310
311
310
310
308
312
311
309
311
310
310
312
310
310
308
309
309
311
309
311
310
309
308
310
309
312
308
310
309
310
312
311
310
310
310
310
311
311
310
308
310
308
310
311
307
311
308
309
309
309
310
310
309
308
309
309
308
310
310
310
310
311
312
310
309
309
310
310
309
310
309
310
310
310
307
310
311
309
312
309
310
308
309
309
310
310
310
309
309
310
311
311
310
311
310
310
308
312
309
309
308
310
310
310
310
309
310
309
310
309
310
310
308
311
307
309
310
308
309
309
310
309
308
309
311
310
309
309
308
309
310
312
308
309
309
309
311
307
307
307
307
307
307
307
307
308
306
307
308
306
306
306
308
308
306
308
307
308
306
305
308
306
307
307
308
308
307
308
308
308
307
306
307
305
306
306
307
307
307
305
308
307
307
307
307
309
305
308
308
306
306
305
307
306
307
307
305
306
307
307
308
306
306
305
305
306
306
307
306
307
306
306
307
307
307
306
307
306
306
306
308
305
306
306
305
307
305
304
306
307
304
306
307
307
305
305
308
306
305
576
308
306
307
309
308
307
308
306
307
308
307
308
307
306
307
307
307
305
308
306
307
307
307
308
308
307
308
308
307
308
307
309
307
308
309
308
307
308
309
309
307
309
307
306
310
308
307
309
309
314
307
308
308
309
308
308
310
307
307
319
317
308
309
309
310
307
309
307
309
308
308
307
309
307
308
308
310
309
307
307
307
308
309
308
309
309
308
309
306
309
308
309
308
306
308
307
308
309
309
307
309
308
308
308
309
