319
318
318
319
318
317
318
319
318
319
319
318
317
319
319
320
319
319
324
354
356
358
360
356
336
357
355
345
350
351
357
354
356
356
359
356
353
358
353
344
357
356
355
348
353
353
355
352
355
353
342
358
358
356
357
355
354
357
358
358
359
360
357
359
358
357
355
357
360
353
357
356
358
355
356
355
355
357
351
355
353
355
353
355
352
355
356
354
355
354
355
353
353
353
355
353
344
339
339
356
355
348
346
350
352
349
354
352
352
352
340
351
356
353
356
356
355
354
356
356
355
358
355
356
356
356
355
355
356
351
357
355
357
355
355
355
353
357
355
355
354
359
355
355
355
354
356
350
356
354
354
353
356
356
356
356
346
338
335
355
356
354
344
351
339
352
355
355
357
352
357
354
356
357
352
352
348
608
342
359
359
358
360
352
356
358
358
354
353
354
350
338
355
354
346
359
354
361
357
358
357
360
358
358
358
358
360
359
359
357
358
355
362
360
357
359
357
359
355
359
356
360
359
357
359
357
366
360
359
356
359
358
357
361
357
358
372
358
353
339
341
351
360
355
345
356
354
356
354
352
356
354
351
345
359
357
358
357
358
358
359
360
358
360
358
360
355
359
357
360
358
357
359
359
360
359
359
358
360
358
356
361
356
359
359
360
358
360
356
354
359
356
358
356
359
358
361
358
340
339
345
358
356
353
353
347
347
357
353
359
357
358
355
356
356
352
352
341
355
356
356
344
354
342
354
355
355
358
354
358
357
356
354
352
351
343
357
357
341
353
357
354
355
351
353
353
356
344
356
356
359
360
357
359
357
360
357
360
360
356
357
354
358
358
360
354
360
359
358
360
334
323
320
321
319
321
321
323
319
320
321
320
320
320
320
320
319
319
320
320
321
320
320
320
321
319
320
320
317
320
319
319
318
319
318
318
315
319
318
321
317
321
318
318
317
320
319
318
318
318
321
317
319
317
317
318
320
321
317
319
321
318
319
319
316
317
318
316
316
319
318
318
317
321
318
320
320
317
318
319
319
319
320
317
318
318
321
318
320
320
319
319
319
318
318
320
320
318
319
319
320
320
318
318
318
318
319
319
318
320
320
320
318
318
318
319
319
318
319
318
319
318
317
319
317
318
319
319
316
318
320
318
320
319
318
319
318
321
319
321
318
317
320
318
316
318
319
318
319
318
319
317
318
320
318
319
318
318
318
318
318
317
318
318
319
318
314
316
318
315
317
315
318
315
317
315
316
317
316
316
315
314
315
314
315
317
320
316
318
317
319
318
316
317
317
317
317
316
318
320
316
318
316
317
317
316
317
317
316
319
318
318
317
319
318
316
318
318
318
319
318
317
317
320
318
316
317
318
317
319
318
319
317
318
316
319
319
315
317
319
319
316
318
319
320
318
320
319
316
317
316
318
319
319
319
319
320
316
317
316
318
318
320
319
316
317
319
576
319
320
320
322
319
320
319
322
319
321
321
320
318
320
320
320
322
322
319
319
322
321
321
321
320
320
318
322
318
321
321
320
321
319
321
321
321
321
321
319
319
318
319
321
322
321
320
319
320
325
321
320
320
319
320
319
317
319
321
331
326
319
318
320
318
321
321
323
319
320
320
321
319
318
319
320
317
319
320
320
341
356
355
341
353
349
350
358
354
356
356
357
358
359
352
351
341
356
359
351
345
352
352
353
355
354
353
354
344
355
358
357
358
357
355
355
356
357
357
358
356
356
357
358
356
358
358
357
359
356
357
357
356
355
356
358
357
359
355
357
357
359
359
341
319
322
320
318
320
320
320
320
319
321
320
321
318
320
319
321
318
320
321
321
318
320
321
319
321
319
319
318
320
318
320
317
318
320
321
319
318
320
320
319
320
320
319
319
317
317
316
317
317
317
315
316
317
317
319
317
318
316
316
320
318
317
331
342
348
350
353
351
353
352
352
353
342
356
357
355
357
356
357
353
353
354
355
357
356
358
354
356
354
357
355
354
356
355
354
354
355
355
357
355
352
354
353
358
354
358
358
355
358
356
358
355
357
354
359
356
351
356
344
339
334
350
343
353
350
340
355
355
352
358
354
356
352
354
350
354
358
354
354
353
355
355
353
352
355
356
354
355
352
354
353
353
351
356
356
351
355
355
353
355
355
354
357
354
351
355
354
355
353
356
352
337
336
341
355
356
342
349
343
354
355
354
355
353
354
354
354
355
345
349
344
343
343
351
354
353
353
352
355
352
354
355
351
348
344
347
338
349
352
343
356
355
357
356
352
356
352
353
351
353
351
353
353
351
352
351
353
351
354
353
356
355
351
353
354
353
354
356
352
354
353
354
352
355
353
354
355
354
354
353
356
354
356
353
337
335
343
338
346
346
334
354
356
354
353
352
355
351
354
355
352
354
352
354
350
354
352
353
352
352
354
351
355
352
356
350
352
353
352
356
352
355
351
355
351
350
352
352
356
351
352
350
355
352
353
355
337
339
340
354
353
345
343
347
338
608
354
356
355
355
356
353
358
353
351
346
336
342
357
352
346
344
328
331
332
334
337
340
340
357
359
356
359
358
358
357
358
358
356
354
352
358
353
352
350
333
342
344
357
358
357
357
354
358
358
361
354
357
355
353
358
352
348
340
353
364
363
339
352
344
359
355
355
354
354
356
350
355
353
350
349
348
355
353
342
353
345
349
356
352
355
354
355
353
354
354
349
349
343
356
357
347
352
351
350
353
350
350
350
352
339
356
353
353
353
355
355
355
357
355
356
357
354
354
353
356
352
355
353
354
352
352
355
351
353
352
354
354
355
353
356
358
355
358
356
356
354
359
355
353
356
356
359
355
355
351
339
341
346
351
359
343
350
354
351
355
350
354
352
349
354
360
358
359
355
362
356
357
360
357
362
359
360
358
360
361
359
358
360
357
361
360
358
359
355
363
356
361
357
357
364
355
355
355
357
362
361
353
357
357
363
360
360
360
345
343
335
357
358
348
351
353
349
356
356
361
355
359
357
356
362
351
351
345
354
362
342
348
352
351
361
356
358
354
357
357
356
357
347
352
350
356
356
340
351
351
351
349
353
353
357
351
337
359
356
363
359
358
358
358
361
355
355
356
360
362
355
359
358
357
361
358
356
358
358
364
360
358
361
356
363
358
360
358
361
362
361
361
359
361
359
361
360
362
360
363
362
342
342
345
350
357
354
348
353
362
359
361
357
359
360
360
359
360
361
357
356
358
358
357
361
361
362
362
359
363
362
361
358
362
357
362
358
360
361
358
364
358
362
360
360
363
362
359
359
360
362
361
352
342
339
361
361
355
349
355
351
360
357
357
353
360
358
357
350
350
344
354
356
348
350
351
342
357
357
360
354
357
357
354
359
350
352
339
358
357
350
344
353
353
354
356
354
356
355
348
351
359
358
355
358
358
356
358
356
358
359
355
358
357
361
355
358
357
357
359
356
358
357
359
357
356
356
359
359
357
360
358
358
358
361
358
358
357
356
360
357
360
354
358
356
338
336
347
338
356
352
346
353
357
357
357
354
360
355
359
611
359
361
358
361
360
361
360
358
357
361
359
358
358
357
363
357
357
355
357
359
358
359
357
358
358
359
356
358
356
363
356
359
358
357
361
343
341
334
357
362
353
344
353
347
361
353
357
358
358
363
359
357
350
351
349
358
358
349
347
359
356
357
355
357
358
357
357
356
357
353
350
347
358
359
353
355
353
347
354
361
355
358
355
360
359
358
359
355
356
360
357
356
360
356
362
353
358
360
356
360
355
358
358
359
359
357
357
358
359
360
357
357
360
356
363
357
361
359
357
361
357
359
347
337
339
358
357
355
345
355
356
353
355
353
358
353
343
351
359
362
357
358
358
357
364
357
360
359
356
364
359
356
359
359
361
358
359
358
356
358
359
358
361
357
363
358
360
361
361
363
358
360
359
360
362
359
357
358
361
360
361
350
344
345
363
361
352
351
356
349
359
360
359
354
360
361
360
361
356
357
344
355
345
346
364
358
360
358
360
363
357
358
354
356
352
355
350
355
357
348
360
360
360
359
362
359
361
362
358
363
360
362
359
360
364
362
361
360
361
362
359
